HuluWaFightReplay
1 2
9 8
4
m 6 3 6
m 5 3 5
m 2 3 2
m 4 2 5
m 3 2 4
m 11 7 2
m 9 4 5
m 10 6 5
m 13 6 7
m 15 7 4
m 16 7 6
m 17 7 8
m 18 8 5
f 5
m 1 8 8
m 3 3 4
m 0 2 2
m 18 8 6
m 17 6 8
m 16 6 6
m 7 3 7
m 9 3 5
m 11 6 2
m 1 7 8
m 2 3 3
m 14 7 2
m 8 3 8
m 18 7 6
f 9
m 4 3 5
m 6 4 6
m 16 5 6
m 15 6 4
m 13 5 7
m 7 4 7
m 4 4 5
m 10 5 5
m 17 5 8
f 6
m 8 4 8
m 12 6 5
m 3 3 5
f 4
m 2 4 3
m 18 7 7
f 13
m 7 5 7
m 15 5 4
m 14 7 3
f 17
m 18 6 7
m 8 5 8
m 11 6 3
m 2 5 3
m 1 6 8
f 16
m 12 6 6
m 3 4 5
f 18
f 15
f 2
f 10
m 0 2 3
f 8
m 3 5 5
m 0 3 3
m 12 6 7
f 7
m 11 5 3
m 14 6 3
m 0 4 3
m 3 5 4
m 12 6 6
f 11
m 14 5 3
m 12 6 5
m 1 5 8
f 14
m 0 4 4
m 12 6 4
f 3
m 1 4 8
m 0 5 4
f 12
m 1 4 7
m 0 4 4
m 1 4 6
m 0 4 5
f 0
