HuluWaFightReplay
1 8
5 4
5
m 1 4 4
m 16 8 5
m 15 7 4
m 14 7 6
m 13 6 3
m 10 5 6
m 11 5 4
m 7 3 7
m 6 3 6
m 8 2 7
m 4 3 4
m 12 6 7
m 3 2 4
m 0 2 8
f 4
m 8 2 6
m 12 5 7
m 10 4 6
m 16 8 6
m 15 6 4
m 2 3 2
m 0 2 7
m 14 6 6
m 3 3 4
f 10
m 7 4 7
m 5 3 5
m 0 3 7
f 3
f 7
m 9 4 5
m 13 6 2
m 11 5 5
f 9
m 16 7 6
m 12 4 7
m 14 5 6
m 13 5 2
m 8 2 7
m 11 4 5
m 1 3 4
m 2 3 3
m 15 5 4
f 0
m 16 6 6
f 5
m 12 3 7
m 13 4 2
m 11 3 5
m 15 4 4
f 11
f 1
f 12
m 14 4 6
m 2 4 3
f 6
f 13
f 15
m 14 4 7
m 2 4 4
m 8 3 7
f 14
m 16 5 6
m 8 4 7
m 16 5 7
f 8
m 2 4 5
m 16 5 6
m 2 4 6
f 16
