HuluWaFightReplay
1 4
6 2
6
m 10 4 6
m 15 6 7
m 21 7 8
m 20 7 7
m 9 4 5
m 13 5 6
m 3 3 3
m 2 3 2
m 7 3 7
m 6 3 6
m 5 3 5
m 4 2 5
m 1 5 2
m 19 6 3
m 23 7 2
m 24 8 8
m 25 8 2
m 27 9 1
f 9
m 15 5 7
m 20 6 7
m 23 6 2
m 22 7 3
m 16 6 6
m 0 2 4
m 19 5 3
m 21 6 8
m 26 9 9
m 1 4 2
f 10
f 2
m 8 3 8
m 11 4 4
m 7 4 7
m 14 5 4
m 27 9 2
m 3 4 3
m 6 4 6
m 5 4 5
m 12 5 5
m 25 7 2
m 24 7 8
m 0 3 4
m 21 5 8
m 23 6 3
m 17 6 5
m 18 6 4
m 4 3 5
f 15
m 7 5 7
f 19
f 3
f 13
m 27 9 3
m 26 8 9
m 8 4 8
m 24 6 8
f 0
f 20
f 5
m 25 6 2
m 16 6 7
m 11 4 5
f 11
f 21
m 26 8 8
m 22 7 4
m 23 5 3
m 8 5 8
m 1 4 3
f 16
m 7 5 6
m 27 8 3
f 24
m 17 6 6
m 4 4 5
m 26 7 8
m 25 5 2
m 18 6 5
f 12
m 8 6 8
f 7
m 1 4 4
f 26
m 18 5 5
f 1
m 17 6 7
m 27 8 4
f 17
m 22 7 5
f 18
m 6 5 6
m 27 8 5
m 14 5 5
m 22 7 6
m 8 7 8
f 14
m 4 5 5
m 6 6 6
m 27 7 5
m 23 5 4
f 22
m 8 7 7
m 27 7 6
f 6
f 4
m 25 5 3
m 23 5 5
f 27
m 8 6 7
m 25 6 3
m 23 6 5
m 8 6 6
m 25 6 4
f 8
